error(train): 0.135000
error(test): 0.135000
