error(train): 0.100000
error(test): 0.257732
