error(train): 0.115000
error(test): 0.268041
