error(train): 0.095000
error(test): 0.247423
