error(train): 0.140000
error(test): 0.175258
