error(train): 0.130000
error(test): 0.247423
