error(train): 0.250000
error(test): 0.035714
